0.00000  0  0
0.00057  0.00426  0
0.00231  0.00843  0
0.00520  0.0125  0
0.00923  0.01647  0
0.01440  0.02033  0
0.02070  0.02407  0
0.02809  0.02768  0
0.03658  0.03116  0
0.04615  0.03448  0
0.05676  0.03764  0
0.06841  0.04063  0
0.08104  0.04344  0
0.09465  0.04605  0
0.10919  0.04846  0
0.12463  0.05065  0
0.14095  0.05263  0
0.15808  0.05437  0
0.17601  0.05589  0
0.19469  0.05716  0
0.21406  0.0582  0
0.23410  0.05901  0
0.25474  0.05958  0
0.27594  0.05991  0
0.29767  0.06002  0
0.31985  0.0599  0
0.34244  0.05957  0
0.36540  0.05904  0
0.38865  0.05831  0
0.41215  0.0574  0
0.43585  0.05632  0
0.45969  0.05508  0
0.48362  0.05369  0
0.50756  0.05216  0
0.53149  0.05052  0
0.55533  0.04876  0
0.57903  0.04691  0
0.60253  0.04498  0
0.62578  0.04298  0
0.64874  0.04092  0
0.67133  0.03881  0
0.69351  0.03667  0
0.71523  0.03451  0
0.73644  0.03233  0
0.75708  0.03015  0
0.77711  0.02798  0
0.79649  0.02583  0
0.81517  0.02371  0
0.83310  0.02163  0
0.85023  0.01961  0
0.86655  0.01764  0
0.88199  0.01574  0
0.89653  0.01391  0
0.91014  0.01218  0
0.92277  0.01055  0
0.93441  0.00902  0
0.94503  0.00761  0
0.95459  0.00632  0
0.96309  0.00517  0
0.97048  0.00415  0
0.97678  0.00328  0
0.98194  0.00256  0
0.98597  0.00199  0
0.98887  0.00159  0
0.99060  0.00134  0
0.99118  0.00126  0
1.00000  0  0
0.00000  0  0
0.00057  -0.00426  0
0.00231  -0.00843  0
0.00520  -0.0125  0
0.00923  -0.01647  0
0.01440  -0.02033  0
0.02070  -0.02407  0
0.02809  -0.02768  0
0.03658  -0.03116  0
0.04615  -0.03448  0
0.05676  -0.03764  0
0.06841  -0.04063  0
0.08104  -0.04344  0
0.09465  -0.04605  0
0.10919  -0.04846  0
0.12463  -0.05065  0
0.14095  -0.05263  0
0.15808  -0.05437  0
0.17601  -0.05589  0
0.19469  -0.05716  0
0.21406  -0.0582  0
0.23410  -0.05901  0
0.25474  -0.05958  0
0.27594  -0.05991  0
0.29767  -0.06002  0
0.31985  -0.0599  0
0.34244  -0.05957  0
0.36540  -0.05904  0
0.38865  -0.05831  0
0.41215  -0.0574  0
0.43585  -0.05632  0
0.45969  -0.05508  0
0.48362  -0.05369  0
0.50756  -0.05216  0
0.53149  -0.05052  0
0.55533  -0.04876  0
0.57903  -0.04691  0
0.60253  -0.04498  0
0.62578  -0.04298  0
0.64874  -0.04092  0
0.67133  -0.03881  0
0.69351  -0.03667  0
0.71523  -0.03451  0
0.73644  -0.03233  0
0.75708  -0.03015  0
0.77711  -0.02798  0
0.79649  -0.02583  0
0.81517  -0.02371  0
0.83310  -0.02163  0
0.85023  -0.01961  0
0.86655  -0.01764  0
0.88199  -0.01574  0
0.89653  -0.01391  0
0.91014  -0.01218  0
0.92277  -0.01055  0
0.93441  -0.00902  0
0.94503  -0.00761  0
0.95459  -0.00632  0
0.96309  -0.00517  0
0.97048  -0.00415  0
0.97678  -0.00328  0
0.98194  -0.00256  0
0.98597  -0.00199  0
0.98887  -0.00159  0
0.99060  -0.00134  0
0.99118  -0.00126  0
1.00000  0  0
