15850 1.000000 0.000000
27950 0.000000 0.000000
28071 0.000031 0.000713
28192 0.000062 0.001014
28313 0.000094 0.001247
28434 0.000127 0.001447
28555 0.000228 0.001937
28676 0.000336 0.002351
28797 0.000447 0.002708
28918 0.000577 0.003076
29039 0.000772 0.003557
29160 0.000972 0.003987
29281 0.001176 0.004380
29402 0.001383 0.004747
29523 0.001652 0.005182
29644 0.001953 0.005627
29765 0.002260 0.006045
29886 0.002574 0.006441
30007 0.002925 0.006856
30128 0.003316 0.007287
30249 0.003715 0.007699
30370 0.004148 0.008121
30491 0.004611 0.008545
30612 0.005084 0.008953
30733 0.005603 0.009379
30854 0.006144 0.009798
30975 0.006696 0.010205
31096 0.007269 0.010606
31217 0.007889 0.011020
31338 0.008521 0.011422
31459 0.009166 0.011814
31580 0.009858 0.012216
31701 0.010568 0.012611
31822 0.011292 0.012996
31943 0.012035 0.013376
32064 0.012824 0.013762
32185 0.013629 0.014141
32306 0.014450 0.014512
32427 0.015306 0.014884
32548 0.016191 0.015253
32669 0.017093 0.015616
32790 0.018022 0.015975
32911 0.018985 0.016334
33032 0.019968 0.016687
33153 0.020975 0.017036
33274 0.022019 0.017385
33395 0.023084 0.017727
33516 0.024169 0.018065
33637 0.025293 0.018402
33758 0.026442 0.018735
33879 0.027615 0.019062
34000 0.028826 0.019390
34121 0.030072 0.019715
34242 0.031343 0.020035
34363 0.032639 0.020351
34484 0.033961 0.020663
34605 0.035309 0.020971
34726 0.036684 0.021274
34847 0.038110 0.021579
34968 0.039571 0.021881
35089 0.041062 0.022179
35210 0.042582 0.022474
35331 0.044133 0.022766
35452 0.045715 0.023054
35573 0.047341 0.023341
35694 0.049005 0.023626
35815 0.050702 0.023907
35936 0.052438 0.024187
36057 0.054214 0.024465
36178 0.056026 0.024741
36299 0.057882 0.025015
36420 0.059781 0.025288
36541 0.061718 0.025558
36662 0.063694 0.025827
36783 0.065709 0.026094
36904 0.067765 0.026359
37025 0.069870 0.026624
37146 0.072026 0.026889
37267 0.074199 0.027149
37388 0.076373 0.027404
37509 0.078546 0.027653
37630 0.080719 0.027897
37751 0.082904 0.028138
37872 0.085090 0.028374
37993 0.087276 0.028606
38114 0.089462 0.028835
38235 0.091648 0.029060
38356 0.093834 0.029281
38477 0.096025 0.029500
38598 0.098221 0.029717
38719 0.100418 0.029931
38840 0.102614 0.030143
38961 0.104810 0.030352
39082 0.107006 0.030560
39203 0.109203 0.030765
39324 0.111405 0.030969
39445 0.113607 0.031172
39566 0.115810 0.031373
39687 0.118014 0.031572
39808 0.120219 0.031771
39929 0.122425 0.031968
40050 0.124630 0.032164
40171 0.126615 0.032340
40292 0.128700 0.032524
40413 0.130889 0.032716
40534 0.133187 0.032916
40655 0.135600 0.033126
40776 0.138134 0.033346
40897 0.140795 0.033575
41018 0.143593 0.033815
41139 0.146532 0.034067
41260 0.149617 0.034330
41381 0.152860 0.034606
41502 0.156265 0.034894
41623 0.159842 0.035197
41744 0.163600 0.035513
41865 0.167547 0.035844
41986 0.171690 0.036191
42107 0.176041 0.036554
42228 0.180612 0.036934
42349 0.185415 0.037331
42470 0.190458 0.037747
42591 0.195753 0.038181
42712 0.201315 0.038635
42833 0.207159 0.039108
42954 0.213295 0.039602
43075 0.219738 0.040115
43196 0.226503 0.040649
43317 0.233611 0.041203
43438 0.241075 0.041776
43559 0.248542 0.042339
43680 0.256009 0.042892
43801 0.263479 0.043433
43922 0.270948 0.043962
44043 0.278418 0.044478
44164 0.285888 0.044979
44285 0.293358 0.045465
44406 0.300829 0.045936
44527 0.308299 0.046389
44648 0.315769 0.046826
44769 0.323239 0.047244
44890 0.330709 0.047644
45011 0.338179 0.048024
45132 0.345647 0.048385
45253 0.353115 0.048725
45374 0.360584 0.049045
45495 0.368052 0.049344
45616 0.375520 0.049622
45737 0.382985 0.049878
45858 0.390450 0.050113
45979 0.397915 0.050326
46100 0.405379 0.050517
46221 0.412844 0.050685
46342 0.420309 0.050832
46463 0.427773 0.050957
46584 0.435233 0.051060
46705 0.442693 0.051141
46826 0.450153 0.051200
46947 0.457612 0.051237
47068 0.465072 0.051253
47189 0.472532 0.051247
47310 0.479991 0.051220
47431 0.487446 0.051172
47552 0.494901 0.051104
47673 0.502356 0.051015
47794 0.509810 0.050906
47915 0.517265 0.050776
48036 0.524716 0.050627
48157 0.532167 0.050458
48278 0.539618 0.050270
48399 0.547069 0.050063
48520 0.554519 0.049837
48641 0.561966 0.049593
48762 0.569412 0.049330
48883 0.576858 0.049049
49004 0.584305 0.048749
49125 0.591751 0.048432
49246 0.599197 0.048098
49367 0.606643 0.047745
49488 0.614087 0.047376
49609 0.621527 0.046989
49730 0.628967 0.046585
49851 0.636408 0.046163
49972 0.643848 0.045725
50093 0.651289 0.045269
50214 0.658729 0.044796
50335 0.666170 0.044305
50456 0.673604 0.043798
50577 0.681039 0.043273
50698 0.688474 0.042731
50819 0.695908 0.042170
50940 0.703343 0.041592
51061 0.710777 0.040996
51182 0.718212 0.040381
51303 0.725644 0.039748
51424 0.733072 0.039096
51545 0.740501 0.038425
51666 0.747930 0.037734
51787 0.755359 0.037024
51908 0.762787 0.036293
52029 0.770216 0.035542
52150 0.777644 0.034770
52271 0.785066 0.033977
52392 0.792487 0.033162
52513 0.799909 0.032325
52634 0.807330 0.031466
52755 0.814752 0.030583
52876 0.822173 0.029677
52997 0.829595 0.028747
53118 0.837016 0.027792
53239 0.844438 0.026812
53360 0.851859 0.025808
53481 0.859276 0.024778
53602 0.866688 0.023723
53723 0.874100 0.022641
53844 0.881511 0.021533
53965 0.888923 0.020397
54086 0.896335 0.019234
54207 0.903746 0.018044
54328 0.911158 0.016825
54449 0.918569 0.015578
54570 0.925981 0.014302
54691 0.933393 0.012998
54812 0.940798 0.011667
54933 0.948203 0.010307
55054 0.955606 0.008918
55175 0.963007 0.007502
55296 0.970408 0.006057
55417 0.977809 0.004583
55538 0.985207 0.003083
55659 0.992603 0.001555
240 0.124630 -0.052494
241 0.126615 -0.052845
362 0.128700 -0.053207
483 0.130889 -0.053578
604 0.133187 -0.053959
725 0.135600 -0.054350
846 0.138134 -0.054750
967 0.140795 -0.055159
1088 0.143593 -0.055577
1209 0.146532 -0.056003
1330 0.149617 -0.056437
1451 0.152860 -0.056878
1572 0.156265 -0.057325
1693 0.159842 -0.057778
1814 0.163600 -0.058236
1935 0.167547 -0.058697
2056 0.171690 -0.059160
2177 0.176041 -0.059625
2298 0.180612 -0.060091
2419 0.185415 -0.060555
2540 0.190458 -0.061017
2661 0.195753 -0.061474
2782 0.201315 -0.061927
2903 0.207159 -0.062372
3024 0.213295 -0.062809
3145 0.219738 -0.063236
3266 0.226503 -0.063650
3387 0.233611 -0.064051
3508 0.241075 -0.064436
3629 0.248542 -0.064786
3750 0.256009 -0.065105
3871 0.263479 -0.065394
3992 0.270948 -0.065655
4113 0.278418 -0.065888
4234 0.285888 -0.066097
4355 0.293358 -0.066281
4476 0.300829 -0.066442
4597 0.308299 -0.066581
4718 0.315769 -0.066698
4839 0.323239 -0.066794
4960 0.330709 -0.066870
5081 0.338179 -0.066925
5202 0.345647 -0.066961
5323 0.353115 -0.066977
5444 0.360584 -0.066973
5565 0.368052 -0.066949
5686 0.375520 -0.066904
5807 0.382985 -0.066840
5928 0.390450 -0.066755
6049 0.397915 -0.066650
6170 0.405379 -0.066523
6291 0.412844 -0.066375
6412 0.420309 -0.066204
6533 0.427773 -0.066012
6654 0.435233 -0.065796
6775 0.442693 -0.065557
6896 0.450153 -0.065295
7017 0.457612 -0.065008
7138 0.465072 -0.064697
7259 0.472532 -0.064360
7380 0.479991 -0.063998
7501 0.487446 -0.063610
7622 0.494901 -0.063195
7743 0.502356 -0.062754
7864 0.509810 -0.062286
7985 0.517265 -0.061791
8106 0.524716 -0.061268
8227 0.532167 -0.060718
8348 0.539618 -0.060139
8469 0.547069 -0.059532
8590 0.554519 -0.058897
8711 0.561966 -0.058234
8832 0.569412 -0.057543
8953 0.576858 -0.056823
9074 0.584305 -0.056075
9195 0.591751 -0.055299
9316 0.599197 -0.054494
9437 0.606643 -0.053661
9558 0.614087 -0.052801
9679 0.621527 -0.051914
9800 0.628967 -0.051000
9921 0.636408 -0.050059
10042 0.643848 -0.049091
10163 0.651289 -0.048097
10284 0.658729 -0.047077
10405 0.666170 -0.046033
10526 0.673604 -0.044964
10647 0.681039 -0.043872
10768 0.688474 -0.042756
10889 0.695908 -0.041617
11010 0.703343 -0.040457
11131 0.710777 -0.039275
11252 0.718212 -0.038074
11373 0.725644 -0.036853
11494 0.733072 -0.035615
11615 0.740501 -0.034359
11736 0.747930 -0.033087
11857 0.755359 -0.031800
11978 0.762787 -0.030500
12099 0.770216 -0.029187
12220 0.777644 -0.027864
12341 0.785066 -0.026534
12462 0.792487 -0.025196
12583 0.799909 -0.023853
12704 0.807330 -0.022507
12825 0.814752 -0.021160
12946 0.822173 -0.019815
13067 0.829595 -0.018474
13188 0.837016 -0.017140
13309 0.844438 -0.015816
13430 0.851859 -0.014507
13551 0.859276 -0.013215
13672 0.866688 -0.011946
13793 0.874100 -0.010703
13914 0.881511 -0.009490
14035 0.888923 -0.008313
14156 0.896335 -0.007176
14277 0.903746 -0.006087
14398 0.911158 -0.005051
14519 0.918569 -0.004076
14640 0.925981 -0.003169
14761 0.933393 -0.002338
14882 0.940798 -0.001593
15003 0.948203 -0.000943
15124 0.955606 -0.000397
15245 0.963007 0.000033
15366 0.970408 0.000335
15487 0.977809 0.000497
15608 0.985207 0.000505
15729 0.992603 0.000345
15850 1.000000 0.000000
15971 0.122425 -0.052095
16092 0.120219 -0.051688
16213 0.118014 -0.051271
16334 0.115810 -0.050845
16455 0.113607 -0.050411
16576 0.111405 -0.049966
16697 0.109203 -0.049513
16818 0.107006 -0.049050
16939 0.104810 -0.048577
17060 0.102614 -0.048094
17181 0.100418 -0.047601
17302 0.098221 -0.047097
17423 0.096025 -0.046582
17544 0.093834 -0.046058
17665 0.091648 -0.045524
17786 0.089462 -0.044978
17907 0.087276 -0.044420
18028 0.085090 -0.043851
18149 0.082904 -0.043270
18270 0.080719 -0.042677
18391 0.078546 -0.042075
18512 0.076373 -0.041460
18633 0.074199 -0.040833
18754 0.072026 -0.040192
18875 0.069870 -0.039543
18996 0.067765 -0.038896
19117 0.065709 -0.038252
19238 0.063694 -0.037608
19359 0.061718 -0.036964
19480 0.059781 -0.036321
19601 0.057882 -0.035679
19722 0.056026 -0.035040
19843 0.054214 -0.034404
19964 0.052438 -0.033770
20085 0.050702 -0.033139
20206 0.049005 -0.032511
20327 0.047341 -0.031885
20448 0.045715 -0.031263
20569 0.044133 -0.030647
20690 0.042582 -0.030033
20811 0.041062 -0.029421
20932 0.039571 -0.028811
21053 0.038110 -0.028203
21174 0.036684 -0.027599
21295 0.035309 -0.027007
21416 0.033961 -0.026418
21537 0.032639 -0.025830
21658 0.031343 -0.025244
21779 0.030072 -0.024659
21900 0.028826 -0.024076
22021 0.027615 -0.023500
22142 0.026442 -0.022932
22263 0.025293 -0.022366
22384 0.024169 -0.021802
22505 0.023084 -0.021247
22626 0.022019 -0.020694
22747 0.020975 -0.020140
22868 0.019968 -0.019596
22989 0.018985 -0.019054
23110 0.018022 -0.018513
23231 0.017093 -0.017980
23352 0.016191 -0.017451
23473 0.015306 -0.016922
23594 0.014450 -0.016397
23715 0.013629 -0.015882
23836 0.012824 -0.015366
23957 0.012035 -0.014846
24078 0.011292 -0.014344
24199 0.010568 -0.013842
24320 0.009858 -0.013336
24441 0.009166 -0.012828
24562 0.008521 -0.012339
24683 0.007889 -0.011845
24804 0.007269 -0.011344
24925 0.006696 -0.010864
25046 0.006144 -0.010385
25167 0.005603 -0.009896
25288 0.005084 -0.009407
25409 0.004611 -0.008943
25530 0.004148 -0.008466
25651 0.003715 -0.007998
25772 0.003316 -0.007544
25893 0.002925 -0.007074
26014 0.002574 -0.006626
26135 0.002260 -0.006201
26256 0.001953 -0.005757
26377 0.001652 -0.005288
26498 0.001383 -0.004833
26619 0.001176 -0.004452
26740 0.000972 -0.004044
26861 0.000772 -0.003602
26982 0.000577 -0.003109
27103 0.000447 -0.002735
27224 0.000336 -0.002372
27345 0.000228 -0.001953
27466 0.000127 -0.001457
27587 0.000094 -0.001256
27708 0.000062 -0.001020
27829 0.000031 -0.000718
27950 0.000000 -0.000000
